6 2.40715e-06 30 
6 2.40715e-06 30 
6 2.40715e-06 30 
6 3.48459e-06 30 
6 5.36748e-06 30 
6 8.28296e-06 30 
5.99999 1.26956e-05 29.9999 
5.99999 1.93045e-05 29.9999 
5.99998 2.91156e-05 29.9999 
5.99997 4.35552e-05 29.9998 
5.99996 6.46239e-05 29.9997 
5.99994 9.5099e-05 29.9996 
5.99992 0.000138798 29.9994 
5.99988 0.000200912 29.9992 
5.99983 0.000288428 29.9988 
5.99975 0.000410649 29.9983 
5.99965 0.000579828 29.9976 
5.99951 0.000811928 29.9966 
5.99933 0.00112751 29.9953 
5.99907 0.00155274 29.9935 
5.99873 0.00212058 29.9911 
5.99828 0.00287199 29.988 
5.99769 0.00385728 29.9839 
5.99693 0.00513749 29.9785 
5.99594 0.00678571 29.9716 
5.99468 0.00888831 29.9628 
5.99309 0.011546 29.9517 
5.9911 0.0148745 29.9378 
5.98863 0.019005 29.9205 
5.98558 0.0240841 29.8992 
5.98187 0.0302727 29.8733 
5.97738 0.0377452 29.842 
5.97201 0.0466869 29.8045 
5.96562 0.0572919 29.76 
5.95811 0.0697592 29.7077 
5.94933 0.0842893 29.6467 
5.93917 0.10108 29.5762 
5.92749 0.12032 29.4953 
5.91418 0.142188 29.4033 
5.89913 0.166845 29.2994 
5.88223 0.194432 29.183 
5.86338 0.225065 29.0537 
5.84252 0.258832 28.9108 
5.81956 0.295794 28.7542 
5.79447 0.335977 28.5836 
5.7672 0.379377 28.3989 
5.73774 0.425961 28.2002 
5.70609 0.47566 27.9877 
5.67226 0.52838 27.7616 
5.63627 0.583998 27.5223 
5.59817 0.642366 27.2704 
5.558 0.703316 27.0064 
5.51584 0.76666 26.7308 
5.47175 0.832196 26.4446 
5.42582 0.899708 26.1483 
5.37812 0.968972 25.8428 
5.32877 1.03976 25.5289 
5.27785 1.11183 25.2075 
5.22544 1.18494 24.8793 
5.17164 1.25891 24.545 
5.1165 1.33355 24.2054 
5.0601 1.40866 23.8612 
5.00257 1.48402 23.513 
4.944 1.55946 23.1615 
4.88449 1.63472 22.8074 
4.82411 1.70984 22.4515 
4.76296 1.78412 22.0944 
4.70111 1.85824 21.7367 
4.63863 1.93074 21.3788 
4.57569 2.00331 21.0221 
4.51222 2.07346 20.6652 
4.44843 2.1437 20.3115 
4.38433 2.21108 19.9579 
4.32002 2.27852 19.6091 
4.25556 2.34274 19.2605 
4.19092 2.40671 18.917 
4.12636 2.4676 18.5758 
4.06171 2.52795 18.2392 
3.99723 2.58494 17.9056 
3.93268 2.64136 17.5766 
3.86858 2.69445 17.2526 
3.80433 2.74665 16.9313 
3.74072 2.79556 16.6175 
3.67702 2.84365 16.3053 
3.61404 2.88802 16.0014 
3.55101 2.93188 15.6987 
3.48885 2.97174 15.4057 
3.42669 3.0114 15.1131 
3.3655 3.04664 14.831 
3.30432 3.08194 14.5488 
3.24433 3.1127 14.278 
3.18428 3.14353 14.0068 
3.12578 3.16989 13.748 
3.06717 3.19647 13.4885 
3.01051 3.21836 13.2429 
2.95346 3.2402 12.9958 
2.89909 3.25748 12.7649 
2.8441 3.27495 12.5336 
2.79363 3.28781 12.3206 
2.743 3.30105 12.1118 
2.69799 3.30875 11.9248 
2.6616 3.31689 11.7765 
2.62152 3.31908 11.6161 
2.61205 3.32074 11.5785 
2.59812 3.32017 11.5253 
2.59949 3.31959 11.5318 
2.59935 3.31892 11.5329 
2.59944 3.31821 11.535 
2.59933 3.31746 11.5361 
2.59922 3.31669 11.5375 
2.59895 3.31589 11.5385 
2.59854 3.31505 11.5388 
2.59805 3.31417 11.539 
2.59748 3.31327 11.539 
2.59688 3.31234 11.5389 
2.59623 3.31135 11.5387 
2.59552 3.3103 11.5385 
2.59475 3.30917 11.5382 
2.59388 3.30795 11.5378 
2.5929 3.30663 11.5372 
2.5918 3.30518 11.5365 
2.59053 3.30356 11.5356 
2.5891 3.30173 11.5345 
2.58747 3.29966 11.5334 
2.58564 3.29734 11.532 
2.5836 3.29475 11.5304 
2.58135 3.29189 11.5287 
2.57886 3.28872 11.5269 
2.57601 3.28515 11.5248 
2.57266 3.28096 11.5224 
2.56853 3.27584 11.5195 
2.56323 3.26931 11.5158 
2.55626 3.26076 11.5109 
2.54709 3.24948 11.5045 
2.53506 3.23463 11.4964 
2.51937 3.21527 11.4856 
2.49915 3.19033 11.4713 
2.47328 3.15785 11.4509 
2.44153 3.11693 11.4248 
2.41501 3.08152 11.3989 
2.40024 3.06116 11.3818 
2.39422 3.05306 11.3766 
2.39277 3.05096 11.3742 
2.39297 3.05098 11.3736 
2.39437 3.05239 11.3745 
2.39768 3.05627 11.3767 
2.40336 3.06343 11.3815 
2.41035 3.0725 11.3878 
2.4149 3.07859 11.3924 
2.41711 3.08177 11.3941 
2.41809 3.0832 11.3953 
2.41862 3.08379 11.3964 
2.41861 3.08396 11.3963 
2.41839 3.08385 11.3955 
2.41836 3.08355 11.3962 
2.41816 3.08316 11.3959 
2.41775 3.08293 11.3946 
2.41775 3.08261 11.3947 
2.41834 3.08274 11.3962 
2.41803 3.08274 11.3939 
2.41746 3.08234 11.391 
2.41755 3.08089 11.3887 
2.41642 3.07711 11.3777 
2.4109 3.06571 11.3382 
2.39745 3.03244 11.2378 
2.36395 2.94049 10.9676 
2.26565 2.69497 10.2122 
1.97558 1.99539 8.10955 
1.4027 0.697767 4.44252 
1.07364 0.100308 2.78772 
1.0097 0.011727 2.53446 
1.00111 0.00131214 2.50388 
1.00012 0.000146547 2.50043 
1.00001 1.63706e-05 2.50005 
1 1.82737e-06 2.50001 
1 2.0395e-07 2.5 
1 2.27673e-08 2.5 
1 2.54206e-09 2.5 
1 2.83868e-10 2.5 
1 3.17004e-11 2.5 
1 3.5401e-12 2.5 
1 3.95195e-13 2.5 
1 4.40536e-14 2.5 
1 4.84057e-15 2.5 
1 4.88498e-16 2.5 
1 0 2.5 
1 0 2.5 
1 0 2.5 
1 0 2.5 
1 0 2.5 
1 0 2.5 
1 0 2.5 
1 0 2.5 
1 0 2.5 
1 0 2.5 
1 0 2.5 
1 0 2.5 
1 0 2.5 
1 0 2.5 
1 0 2.5 
1 0 2.5 
1 0 2.5 
1 0 2.5 
1 0 2.5 

